-1.000000000000000000e+01 2.623839999989843741e-02 2.623839999989843741e-02
-9.000000000000000000e+00 5.240590000047702646e-02 -7.090000000000088311e-05
-8.000000000000000000e+00 5.231720000047447583e-02 -1.780000000000002609e-05
-7.000000000000000000e+00 5.231590000047443845e-02 1.650000000000003853e-05
-6.000000000000000000e+00 5.239060000047658650e-02 5.820000000000057441e-05
-5.000000000000000000e+00 5.247090000047889558e-02 2.209999999999998492e-05
-4.000000000000000000e+00 5.249060000047946206e-02 -2.399999999999997350e-06
-3.000000000000000000e+00 5.251280000048010044e-02 2.459999999999996098e-05
-2.000000000000000000e+00 5.259880000048257342e-02 6.140000000000065219e-05
-1.000000000000000000e+00 5.265330000048414061e-02 -6.799999999999995034e-06
0.000000000000000000e+00 5.278460000048791623e-02 1.382000000000025190e-04
1.000000000000000000e+00 5.284120000048954380e-02 -8.140000000000113833e-05
2.000000000000000000e+00 5.273610000048652158e-02 -2.349999999999997151e-05
3.000000000000000000e+00 5.268380000048501766e-02 -2.869999999999992173e-05
4.000000000000000000e+00 5.272380000048616788e-02 6.880000000000083206e-05
5.000000000000000000e+00 5.274180000048668548e-02 -5.080000000000039454e-05
6.000000000000000000e+00 5.273980000048662797e-02 4.880000000000034592e-05
7.000000000000000000e+00 5.285990000049008153e-02 7.130000000000089283e-05
8.000000000000000000e+00 5.298010000049353796e-02 4.890000000000034835e-05
9.000000000000000000e+00 2.651449999989679771e-02 -2.651449999989679771e-02
