0.000000000000000000e+00 5.058580000042468827e-02 2.528769999990408343e-02
1.000000000000000000e+00 5.047230000042142450e-02 -1.031000000000016658e-04
2.000000000000000000e+00 5.035070000041792782e-02 -1.850000000000001939e-05
3.000000000000000000e+00 5.022310000041425859e-02 -1.090000000000018092e-04
4.000000000000000000e+00 5.009620000041060950e-02 -1.780000000000002609e-05
5.000000000000000000e+00 5.015110000041218818e-02 7.290000000000093172e-05
6.000000000000000000e+00 5.011170000041105521e-02 -1.121000000000018846e-04
7.000000000000000000e+00 4.999570000040771955e-02 -3.699999999999998456e-06
8.000000000000000000e+00 4.997650000040716745e-02 -1.530000000000005002e-05
9.000000000000000000e+00 4.993840000040607185e-02 -2.269999999999997917e-05
1.000000000000000000e+01 4.979260000040187928e-02 -1.230000000000021495e-04
1.100000000000000000e+01 4.969600000039910148e-02 2.639999999999994375e-05
1.200000000000000000e+01 4.979250000040187640e-02 7.010000000000086366e-05
1.300000000000000000e+01 4.992810000040577567e-02 6.550000000000075185e-05
1.400000000000000000e+01 4.996690000040689139e-02 -2.669999999999994088e-05
1.500000000000000000e+01 4.993450000040595971e-02 -5.699999999999994554e-06
1.600000000000000000e+01 4.991680000040545073e-02 -1.200000000000002571e-05
1.700000000000000000e+01 4.982030000040267581e-02 -8.450000000000121368e-05
1.800000000000000000e+01 4.965580000039794550e-02 -8.000000000000110430e-05
1.900000000000000000e+01 4.959500000039619716e-02 -2.478789999990705165e-02
