0.000000000000000000e+00 1.194699999999898447e-02 1.761500000000003081e-03 5.219199999999732387e-02 1.806750000000030554e-02
1.000000000000000000e+00 8.686899999999411759e-02 6.297499999999647824e-02 2.408900000000027686e-02 1.860300000000032761e-02
2.000000000000000000e+00 8.333949999999448743e-02 -2.173599999999636587e-02 4.636549999999803329e-02 1.844750000000031087e-02
3.000000000000000000e+00 4.946349999999807151e-02 1.263250000000022688e-02 2.792750000000000787e-02 1.788650000000030840e-02
4.000000000000000000e+00 4.356899999999822720e-02 1.624400000000029640e-02 2.886999999999998595e-02 1.782900000000030294e-02
5.000000000000000000e+00 3.187599999999932154e-02 1.683450000000029367e-02 5.037899999999791850e-02 1.845200000000031190e-02
6.000000000000000000e+00 7.114799999999528446e-02 1.721350000000029801e-02 4.572799999999866555e-02 2.166150000000037837e-02
7.000000000000000000e+00 6.087149999999629663e-02 1.728350000000029515e-02 9.160799999999381937e-02 5.898949999999660715e-02
8.000000000000000000e+00 3.083099999999936586e-02 1.745050000000029564e-02 8.224699999999464384e-02 -3.357649999999537394e-02
9.000000000000000000e+00 5.120199999999730522e-02 1.769550000000030127e-02 2.942749999999929103e-02 1.552700000000029057e-02
1.000000000000000000e+01 5.219199999999732387e-02 1.806750000000030554e-02 1.194699999999898447e-02 1.761500000000003081e-03
1.100000000000000000e+01 2.408900000000027686e-02 1.860300000000032761e-02 8.686899999999411759e-02 6.297499999999647824e-02
1.200000000000000000e+01 4.636549999999803329e-02 1.844750000000031087e-02 8.333949999999448743e-02 -2.173599999999636587e-02
1.300000000000000000e+01 2.792750000000000787e-02 1.788650000000030840e-02 4.946349999999807151e-02 1.263250000000022688e-02
1.400000000000000000e+01 2.886999999999998595e-02 1.782900000000030294e-02 4.356899999999822720e-02 1.624400000000029640e-02
1.500000000000000000e+01 5.037899999999791850e-02 1.845200000000031190e-02 3.187599999999932154e-02 1.683450000000029367e-02
1.600000000000000000e+01 4.572799999999866555e-02 2.166150000000037837e-02 7.114799999999528446e-02 1.721350000000029801e-02
1.700000000000000000e+01 9.160799999999381937e-02 5.898949999999660715e-02 6.087149999999629663e-02 1.728350000000029515e-02
1.800000000000000000e+01 8.224699999999464384e-02 -3.357649999999537394e-02 3.083099999999936586e-02 1.745050000000029564e-02
1.900000000000000000e+01 2.942749999999929103e-02 1.552700000000029057e-02 5.120199999999730522e-02 1.769550000000030127e-02
