0.000000000000000000e+00 2.208141025641020133e-02 1.000833333333332742e-02 1.380826923076921009e-01 4.235961538461605752e-02
1.000000000000000000e+00 9.412884615384742304e-02 4.997115384615442163e-02 1.266211538461545494e-01 3.586987179487246408e-02
2.000000000000000000e+00 1.074044871794889999e-01 5.300576923076983499e-02 1.056467948717967481e-01 3.285064102564173166e-02
3.000000000000000000e+00 1.234801282051298799e-01 5.278782051282118054e-02 8.241474358974495984e-02 3.361474358974428367e-02
4.000000000000000000e+00 1.359865384615386030e-01 4.942756410256475552e-02 6.405320512820598944e-02 3.771602564102636418e-02
5.000000000000000000e+00 1.380826923076921009e-01 4.235961538461605752e-02 2.208141025641020133e-02 1.000833333333332742e-02
6.000000000000000000e+00 1.266211538461545494e-01 3.586987179487246408e-02 9.412884615384742304e-02 4.997115384615442163e-02
7.000000000000000000e+00 1.056467948717967481e-01 3.285064102564173166e-02 1.074044871794889999e-01 5.300576923076983499e-02
8.000000000000000000e+00 8.241474358974495984e-02 3.361474358974428367e-02 1.234801282051298799e-01 5.278782051282118054e-02
9.000000000000000000e+00 6.405320512820598944e-02 3.771602564102636418e-02 1.359865384615386030e-01 4.942756410256475552e-02
