0.000000000000000000e+00 2.075199999999997186e-02 9.383999999999991307e-03 1.419559999999994160e-01 4.366800000000061605e-02
1.000000000000000000e+00 8.940000000000106195e-02 4.789600000000056312e-02 1.325120000000002130e-01 3.477600000000063973e-02
2.000000000000000000e+00 1.019280000000017394e-01 5.249600000000058386e-02 1.097680000000018086e-01 3.036800000000066183e-02
3.000000000000000000e+00 1.201120000000019533e-01 5.356000000000057937e-02 8.397200000000137887e-02 3.172400000000064751e-02
4.000000000000000000e+00 1.359760000000003188e-01 5.020800000000059937e-02 6.352400000000082980e-02 3.567600000000064470e-02
5.000000000000000000e+00 1.419559999999994160e-01 4.366800000000061605e-02 2.075199999999997186e-02 9.383999999999991307e-03
6.000000000000000000e+00 1.325120000000002130e-01 3.477600000000063973e-02 8.940000000000106195e-02 4.789600000000056312e-02
7.000000000000000000e+00 1.097680000000018086e-01 3.036800000000066183e-02 1.019280000000017394e-01 5.249600000000058386e-02
8.000000000000000000e+00 8.397200000000137887e-02 3.172400000000064751e-02 1.201120000000019533e-01 5.356000000000057937e-02
9.000000000000000000e+00 6.352400000000082980e-02 3.567600000000064470e-02 1.359760000000003188e-01 5.020800000000059937e-02
