0.000000000000000000e+00 7.759459459459453791e-03 1.775675675675675563e-03 6.272702702702781519e-02 2.393783783783799343e-02
1.000000000000000000e+00 2.193243243243241797e-02 6.416216216216211361e-03 6.059864864864936834e-02 2.387972972972990035e-02
2.000000000000000000e+00 5.873243243243313205e-02 2.441081081081090259e-02 5.772432432432494931e-02 2.319189189189205941e-02
3.000000000000000000e+00 5.856756756756816007e-02 2.540270270270280489e-02 5.378378378378432384e-02 2.281621621621637841e-02
4.000000000000000000e+00 5.981891891891945312e-02 2.583243243243254356e-02 4.960000000000042847e-02 2.295135135135151216e-02
5.000000000000000000e+00 6.153108108108163582e-02 2.586351351351365985e-02 4.550270270270302675e-02 2.290270270270286512e-02
6.000000000000000000e+00 6.289459459459523227e-02 2.547027027027041340e-02 4.165810810810834097e-02 2.320675675675692301e-02
7.000000000000000000e+00 6.366621621621697258e-02 2.527432432432447779e-02 3.822567567567584923e-02 2.332027027027044203e-02
8.000000000000000000e+00 6.412837837837921662e-02 2.515810810810826040e-02 3.640000000000018915e-02 2.481351351351371304e-02
9.000000000000000000e+00 6.403918918918996561e-02 2.470135135135150678e-02 3.060945945945966334e-02 2.533918918918938099e-02
1.000000000000000000e+01 6.272702702702781519e-02 2.393783783783799343e-02 7.759459459459453791e-03 1.775675675675675563e-03
1.100000000000000000e+01 6.059864864864936834e-02 2.387972972972990035e-02 2.193243243243241797e-02 6.416216216216211361e-03
1.200000000000000000e+01 5.772432432432494931e-02 2.319189189189205941e-02 5.873243243243313205e-02 2.441081081081090259e-02
1.300000000000000000e+01 5.378378378378432384e-02 2.281621621621637841e-02 5.856756756756816007e-02 2.540270270270280489e-02
1.400000000000000000e+01 4.960000000000042847e-02 2.295135135135151216e-02 5.981891891891945312e-02 2.583243243243254356e-02
1.500000000000000000e+01 4.550270270270302675e-02 2.290270270270286512e-02 6.153108108108163582e-02 2.586351351351365985e-02
1.600000000000000000e+01 4.165810810810834097e-02 2.320675675675692301e-02 6.289459459459523227e-02 2.547027027027041340e-02
1.700000000000000000e+01 3.822567567567584923e-02 2.332027027027044203e-02 6.366621621621697258e-02 2.527432432432447779e-02
1.800000000000000000e+01 3.640000000000018915e-02 2.481351351351371304e-02 6.412837837837921662e-02 2.515810810810826040e-02
1.900000000000000000e+01 3.060945945945966334e-02 2.533918918918938099e-02 6.403918918918996561e-02 2.470135135135150678e-02
