0.000000000000000000e+00 2.512500000000001885e-02 1.037500000000000748e-02 1.208750000000000935e-01 7.112500000000006317e-02
1.000000000000000000e+00 1.182500000000000773e-01 6.800000000000004652e-02 1.101875000000000770e-01 6.793750000000005340e-02
2.000000000000000000e+00 1.120625000000000787e-01 7.581250000000004652e-02 9.850000000000007361e-02 7.012500000000006228e-02
3.000000000000000000e+00 1.148750000000000882e-01 7.687500000000005440e-02 9.062500000000006661e-02 7.175000000000006373e-02
4.000000000000000000e+00 1.206875000000000864e-01 7.881250000000004918e-02 8.856250000000005784e-02 7.606250000000006062e-02
5.000000000000000000e+00 1.208750000000000935e-01 7.112500000000006317e-02 2.512500000000001885e-02 1.037500000000000748e-02
6.000000000000000000e+00 1.101875000000000770e-01 6.793750000000005340e-02 1.182500000000000773e-01 6.800000000000004652e-02
7.000000000000000000e+00 9.850000000000007361e-02 7.012500000000006228e-02 1.120625000000000787e-01 7.581250000000004652e-02
8.000000000000000000e+00 9.062500000000006661e-02 7.175000000000006373e-02 1.148750000000000882e-01 7.687500000000005440e-02
9.000000000000000000e+00 8.856250000000005784e-02 7.606250000000006062e-02 1.206875000000000864e-01 7.881250000000004918e-02
