0.000000000000000000e+00 8.000000000000000167e-03 1.999999999999999608e-03 4.700000000000000011e-02 2.299999999999999961e-02
1.000000000000000000e+00 3.199999999999999373e-02 1.799999999999999517e-02 5.299999999999999156e-02 2.699999999999999623e-02
2.000000000000000000e+00 7.800000000000001377e-02 2.400000000000000050e-02 5.599999999999999423e-02 2.000000000000000042e-02
3.000000000000000000e+00 8.000000000000001554e-02 2.199999999999999872e-02 5.400000000000000633e-02 2.400000000000000050e-02
4.000000000000000000e+00 8.500000000000001998e-02 2.700000000000000316e-02 5.100000000000000366e-02 1.899999999999999953e-02
5.000000000000000000e+00 7.700000000000001288e-02 6.999999999999997544e-03 4.700000000000000011e-02 2.299999999999999961e-02
6.000000000000000000e+00 5.099999999999998979e-02 9.000000000000001055e-03 4.700000000000000011e-02 2.099999999999999784e-02
7.000000000000000000e+00 3.999999999999999389e-02 2.199999999999999872e-02 4.399999999999999745e-02 1.999999999999999695e-02
8.000000000000000000e+00 3.799999999999999212e-02 2.000000000000000042e-02 3.799999999999999906e-02 1.999999999999999695e-02
9.000000000000000000e+00 4.199999999999999567e-02 2.799999999999999711e-02 2.700000000000000316e-02 2.099999999999999784e-02
1.000000000000000000e+01 4.700000000000000011e-02 2.299999999999999961e-02 8.000000000000000167e-03 1.999999999999999608e-03
1.100000000000000000e+01 5.299999999999999156e-02 2.699999999999999623e-02 3.199999999999999373e-02 1.799999999999999517e-02
1.200000000000000000e+01 5.599999999999999423e-02 2.000000000000000042e-02 7.800000000000001377e-02 2.400000000000000050e-02
1.300000000000000000e+01 5.400000000000000633e-02 2.400000000000000050e-02 8.000000000000001554e-02 2.199999999999999872e-02
1.400000000000000000e+01 5.100000000000000366e-02 1.899999999999999953e-02 8.500000000000001998e-02 2.700000000000000316e-02
1.500000000000000000e+01 4.700000000000000011e-02 2.299999999999999961e-02 7.700000000000001288e-02 6.999999999999997544e-03
1.600000000000000000e+01 4.700000000000000011e-02 2.099999999999999784e-02 5.099999999999998979e-02 9.000000000000001055e-03
1.700000000000000000e+01 4.399999999999999745e-02 1.999999999999999695e-02 3.999999999999999389e-02 2.199999999999999872e-02
1.800000000000000000e+01 3.799999999999999906e-02 1.999999999999999695e-02 3.799999999999999212e-02 2.000000000000000042e-02
1.900000000000000000e+01 2.700000000000000316e-02 2.099999999999999784e-02 4.199999999999999567e-02 2.799999999999999711e-02
