0.000000000000000000e+00 nan nan nan nan
1.000000000000000000e+00 nan nan nan nan
2.000000000000000000e+00 nan nan nan nan
3.000000000000000000e+00 nan nan nan nan
4.000000000000000000e+00 nan nan nan nan
5.000000000000000000e+00 nan nan nan nan
6.000000000000000000e+00 nan nan nan nan
7.000000000000000000e+00 nan nan nan nan
8.000000000000000000e+00 nan nan nan nan
9.000000000000000000e+00 nan nan nan nan
1.000000000000000000e+01 nan nan nan nan
1.100000000000000000e+01 nan nan nan nan
1.200000000000000000e+01 nan nan nan nan
1.300000000000000000e+01 nan nan nan nan
1.400000000000000000e+01 nan nan nan nan
1.500000000000000000e+01 nan nan nan nan
1.600000000000000000e+01 nan nan nan nan
1.700000000000000000e+01 nan nan nan nan
1.800000000000000000e+01 nan nan nan nan
1.900000000000000000e+01 nan nan nan nan
