0.000000000000000000e+00 1.140000000000002340e-03 1.078000000000001917e-03 1.229936000000106111e-01 9.547800000000805642e-02
1.000000000000000000e+00 8.450860000000781636e-02 8.222900000000724074e-02 1.446620000000039541e-01 9.036760000000777782e-02
2.000000000000000000e+00 8.555220000000789138e-02 8.299380000000730617e-02 1.470866000000041474e-01 7.623220000000743846e-02
3.000000000000000000e+00 8.964740000000814835e-02 8.528060000000736718e-02 1.263526000000100569e-01 6.721180000000749610e-02
4.000000000000000000e+00 1.012230000000097496e-01 9.047060000000740898e-02 9.681400000000872641e-02 6.742600000000713301e-02
5.000000000000000000e+00 1.229936000000106111e-01 9.547800000000805642e-02 1.140000000000002340e-03 1.078000000000001917e-03
6.000000000000000000e+00 1.446620000000039541e-01 9.036760000000777782e-02 8.450860000000781636e-02 8.222900000000724074e-02
7.000000000000000000e+00 1.470866000000041474e-01 7.623220000000743846e-02 8.555220000000789138e-02 8.299380000000730617e-02
8.000000000000000000e+00 1.263526000000100569e-01 6.721180000000749610e-02 8.964740000000814835e-02 8.528060000000736718e-02
9.000000000000000000e+00 9.681400000000872641e-02 6.742600000000713301e-02 1.012230000000097496e-01 9.047060000000740898e-02
