0.000000000000000000e+00 9.409999999999973941e-03 8.389999999999968663e-03 2.714000000000025767e-02 1.064000000000006260e-02
1.000000000000000000e+00 1.028499999999952647e-01 8.402999999999719027e-02 2.871000000000032554e-02 1.061000000000006036e-02
2.000000000000000000e+00 1.236599999999934696e-01 -4.353999999999814963e-02 2.970000000000038234e-02 1.004000000000006623e-02
3.000000000000000000e+00 5.501000000000085682e-02 -5.450000000000071107e-03 2.297599999999814513e-01 9.680000000000067023e-03
4.000000000000000000e+00 3.486000000000037680e-02 4.980000000000075512e-03 2.900000000000016454e-02 9.200000000000067499e-03
5.000000000000000000e+00 2.878000000000029493e-02 8.620000000000065110e-03 2.724000000000018767e-02 8.700000000000067055e-03
6.000000000000000000e+00 2.638000000000029210e-02 8.660000000000063480e-03 2.472000000000031811e-02 8.440000000000063771e-03
7.000000000000000000e+00 2.543000000000029265e-02 1.007000000000006154e-02 1.208699999999908459e-01 7.360000000000074816e-03
8.000000000000000000e+00 2.523000000000027304e-02 9.410000000000071085e-03 1.468000000000008187e-02 6.080000000000076663e-03
9.000000000000000000e+00 2.558000000000022062e-02 1.062000000000005821e-02 1.089000000000006976e-02 9.770000000000065091e-03
1.000000000000000000e+01 2.714000000000025767e-02 1.064000000000006260e-02 9.409999999999973941e-03 8.389999999999968663e-03
1.100000000000000000e+01 2.871000000000032554e-02 1.061000000000006036e-02 1.028499999999952647e-01 8.402999999999719027e-02
1.200000000000000000e+01 2.970000000000038234e-02 1.004000000000006623e-02 1.236599999999934696e-01 -4.353999999999814963e-02
1.300000000000000000e+01 2.297599999999814513e-01 9.680000000000067023e-03 5.501000000000085682e-02 -5.450000000000071107e-03
1.400000000000000000e+01 2.900000000000016454e-02 9.200000000000067499e-03 3.486000000000037680e-02 4.980000000000075512e-03
1.500000000000000000e+01 2.724000000000018767e-02 8.700000000000067055e-03 2.878000000000029493e-02 8.620000000000065110e-03
1.600000000000000000e+01 2.472000000000031811e-02 8.440000000000063771e-03 2.638000000000029210e-02 8.660000000000063480e-03
1.700000000000000000e+01 1.208699999999908459e-01 7.360000000000074816e-03 2.543000000000029265e-02 1.007000000000006154e-02
1.800000000000000000e+01 1.468000000000008187e-02 6.080000000000076663e-03 2.523000000000027304e-02 9.410000000000071085e-03
1.900000000000000000e+01 1.089000000000006976e-02 9.770000000000065091e-03 2.558000000000022062e-02 1.062000000000005821e-02
