-1.000000000000000000e+01 1.411500000000006153e-02 9.030000000000004820e-04 6.264200000000076651e-02 1.621200000000012215e-02
-9.000000000000000000e+00 3.048500000000012311e-02 2.254999999999995289e-03 6.002100000000069185e-02 1.577100000000013214e-02
-8.000000000000000000e+00 6.139900000000073771e-02 1.544500000000004550e-02 5.646800000000058717e-02 1.528200000000012881e-02
-7.000000000000000000e+00 5.841100000000065684e-02 1.617100000000006726e-02 5.250100000000049172e-02 1.536100000000012976e-02
-6.000000000000000000e+00 5.732000000000061352e-02 1.735400000000008464e-02 4.866300000000037262e-02 1.541100000000012772e-02
-5.000000000000000000e+00 5.842600000000065796e-02 1.837200000000010353e-02 4.461900000000029037e-02 1.515700000000012523e-02
-4.000000000000000000e+00 6.079000000000072540e-02 1.861800000000011709e-02 4.073900000000021254e-02 1.557700000000013414e-02
-3.000000000000000000e+00 6.350600000000074241e-02 1.871600000000012143e-02 3.756800000000014988e-02 1.587000000000012706e-02
-2.000000000000000000e+00 6.498000000000075937e-02 1.737800000000012252e-02 3.613600000000018880e-02 1.731200000000016059e-02
-1.000000000000000000e+00 6.438500000000083046e-02 1.664500000000011803e-02 2.672600000000018364e-02 2.109600000000016323e-02
0.000000000000000000e+00 6.264200000000076651e-02 1.621200000000012215e-02 1.411500000000006153e-02 9.030000000000004820e-04
1.000000000000000000e+00 6.002100000000069185e-02 1.577100000000013214e-02 3.048500000000012311e-02 2.254999999999995289e-03
2.000000000000000000e+00 5.646800000000058717e-02 1.528200000000012881e-02 6.139900000000073771e-02 1.544500000000004550e-02
3.000000000000000000e+00 5.250100000000049172e-02 1.536100000000012976e-02 5.841100000000065684e-02 1.617100000000006726e-02
4.000000000000000000e+00 4.866300000000037262e-02 1.541100000000012772e-02 5.732000000000061352e-02 1.735400000000008464e-02
5.000000000000000000e+00 4.461900000000029037e-02 1.515700000000012523e-02 5.842600000000065796e-02 1.837200000000010353e-02
6.000000000000000000e+00 4.073900000000021254e-02 1.557700000000013414e-02 6.079000000000072540e-02 1.861800000000011709e-02
7.000000000000000000e+00 3.756800000000014988e-02 1.587000000000012706e-02 6.350600000000074241e-02 1.871600000000012143e-02
8.000000000000000000e+00 3.613600000000018880e-02 1.731200000000016059e-02 6.498000000000075937e-02 1.737800000000012252e-02
9.000000000000000000e+00 2.672600000000018364e-02 2.109600000000016323e-02 6.438500000000083046e-02 1.664500000000011803e-02
